0 0.120602 0.321094 0.062500 0.044271
0 0.333333 0.381250 0.057407 0.040625
0 0.472454 0.287891 0.055093 0.019010
0 0.511111 0.327865 0.060185 0.042188
0 0.589352 0.297526 0.036111 0.042448
0 0.565509 0.360156 0.066204 0.018229
0 0.596759 0.393229 0.056481 0.022396
0 0.655787 0.435417 0.041204 0.036458
0 0.805093 0.442839 0.039815 0.031510
0 0.945139 0.536068 0.062500 0.022656
0 0.986343 0.537500 0.027315 0.033854
4 0.277315 0.481641 0.160185 0.065365
4 0.417361 0.530599 0.140278 0.073177
4 0.544907 0.549479 0.075000 0.091667
4 0.733333 0.544271 0.138889 0.059896
1 0.216435 0.284115 0.076389 0.050521
1 0.292130 0.297266 0.057407 0.047135
1 0.412269 0.299609 0.059722 0.047656
1 0.836574 0.462891 0.075000 0.030990
1 0.814583 0.504167 0.076389 0.035937
2 0.125694 0.265495 0.055093 0.058594
2 0.151852 0.251693 0.067593 0.059115
2 0.181481 0.222135 0.049074 0.057813
2 0.243287 0.239063 0.055093 0.056250
2 0.248380 0.334505 0.100463 0.031510
2 0.323611 0.319271 0.042593 0.056250
2 0.232870 0.405208 0.096296 0.040625
2 0.196991 0.430859 0.100463 0.038802
2 0.963426 0.425260 0.041667 0.052604
3 0.451620 0.266536 0.083796 0.029427
3 0.533565 0.385156 0.059722 0.038542
5 0.579861 0.334766 0.044907 0.026823
5 0.456713 0.456250 0.041204 0.027604
5 0.676157 0.480469 0.052315 0.029687
5 0.693750 0.604427 0.055093 0.033854
5 0.848380 0.537500 0.048611 0.029687
