0 0.615741 0.087760 0.057407 0.047396
0 0.545833 0.125521 0.047222 0.047917
0 0.858333 0.152604 0.072222 0.031250
0 0.601389 0.179948 0.062037 0.044271
0 0.228241 0.172396 0.060185 0.053125
0 0.258796 0.282031 0.078704 0.036979
0 0.775926 0.490625 0.075926 0.028125
0 0.562500 0.583073 0.076852 0.029687
0 0.510185 0.591406 0.066667 0.039062
4 0.406481 0.076823 0.185185 0.074479
4 0.503241 0.415885 0.197222 0.058854
4 0.766667 0.538542 0.151852 0.080208
1 0.809722 0.149479 0.073148 0.056250
1 0.895833 0.124479 0.075000 0.045833
1 0.506944 0.625260 0.076852 0.053646
1 0.776389 0.577344 0.078704 0.053646
2 0.774074 0.066406 0.105556 0.050521
2 0.554167 0.081771 0.067593 0.063542
2 0.486111 0.177344 0.094444 0.060937
2 0.343981 0.205729 0.097222 0.056250
2 0.756944 0.249740 0.104630 0.039062
2 0.718981 0.313281 0.084259 0.059896
2 0.462500 0.299219 0.069444 0.068229
2 0.394444 0.305208 0.085185 0.065625
2 0.613889 0.489063 0.111111 0.030208
2 0.775000 0.511458 0.111111 0.030208
3 0.536111 0.317188 0.061111 0.052083
5 0.220370 0.051823 0.057407 0.038021
5 0.688889 0.173698 0.061111 0.036979
5 0.741204 0.173698 0.052778 0.035937
