0 0.319676 0.139583 0.052315 0.054167
0 0.474074 0.202474 0.071296 0.035156
0 0.694444 0.111979 0.068519 0.045833
0 0.810648 0.194401 0.078704 0.034635
0 0.706250 0.273568 0.100463 0.025260
0 0.688657 0.320703 0.047685 0.054948
0 0.405324 0.427734 0.076389 0.043490
0 0.361574 0.564583 0.081481 0.024479
0 0.242130 0.601302 0.045370 0.054167
0 0.160880 0.624740 0.047685 0.052083
0 0.065741 0.665625 0.092593 0.035417
0 0.165741 0.833073 0.085185 0.029687
4 0.404167 0.908724 0.184259 0.114844
4 0.552315 0.804297 0.200000 0.109635
4 0.632639 0.697005 0.240278 0.041406
4 0.659954 0.520312 0.177315 0.110417
4 0.858333 0.190234 0.171296 0.113281
1 0.915046 0.182161 0.105093 0.054948
1 0.468519 0.407292 0.082407 0.061979
1 0.571991 0.437891 0.083796 0.062760
2 0.563657 0.151042 0.097685 0.061979
2 0.739583 0.132422 0.108796 0.057031
2 0.398380 0.279818 0.122685 0.030990
2 0.040046 0.886198 0.056019 0.078125
2 0.208796 0.921484 0.103704 0.069531
2 0.265046 0.959766 0.108796 0.073177
3 0.352778 0.225391 0.093519 0.051302
3 0.966898 0.223958 0.066204 0.065625
3 0.207176 0.662370 0.097685 0.057031
5 0.374074 0.747656 0.061111 0.038542
5 0.482870 0.554688 0.081481 0.045833
5 0.815046 0.570964 0.097685 0.045573
5 0.668287 0.409115 0.083796 0.040104
5 0.522454 0.241536 0.069907 0.038802
5 0.094444 0.606250 0.072222 0.040104
