0 0.195833 0.191667 0.078704 0.043750
0 0.207407 0.315885 0.042593 0.047396
0 0.678704 0.455729 0.046296 0.044792
0 0.728704 0.472135 0.061111 0.040104
0 0.590741 0.678906 0.051852 0.050521
0 0.857870 0.625781 0.076852 0.022396
0 0.843056 0.694531 0.043519 0.047396
0 0.937963 0.708854 0.075926 0.019792
0 0.668981 0.878906 0.049074 0.051562
0 0.800463 0.945573 0.091667 0.025521
4 0.394907 0.424740 0.221296 0.042188
4 0.486111 0.574740 0.140741 0.114062
4 0.834722 0.561458 0.162037 0.089583
4 0.888426 0.457552 0.132407 0.096354
4 0.703241 0.722135 0.108333 0.120313
1 0.413426 0.038281 0.100926 0.045312
1 0.166204 0.227865 0.117593 0.051562
2 0.522222 0.188281 0.120370 0.049479
2 0.359722 0.258333 0.086111 0.062500
2 0.598148 0.275781 0.101852 0.059896
2 0.699537 0.269531 0.102778 0.065104
2 0.775000 0.374219 0.066667 0.066146
2 0.500000 0.388542 0.116667 0.054167
2 0.258796 0.468750 0.067593 0.069792
2 0.403704 0.509375 0.103704 0.066667
2 0.650000 0.572396 0.116667 0.039583
2 0.946296 0.532292 0.107407 0.029167
2 0.511111 0.647396 0.061111 0.073958
2 0.487500 0.698698 0.069444 0.072396
2 0.629630 0.643490 0.092593 0.063021
2 0.857407 0.761719 0.122222 0.033854
2 0.781944 0.845573 0.054630 0.069271
2 0.944907 0.875521 0.110185 0.050000
2 0.912500 0.900000 0.117593 0.038542
3 0.305556 0.219792 0.100000 0.040625
3 0.156481 0.469792 0.101852 0.059375
5 0.542593 0.783333 0.055556 0.037500
5 0.979167 0.661458 0.041667 0.041667
