0 0.133333 0.901042 0.075000 0.028646
0 0.057639 0.699740 0.048611 0.048438
0 0.133796 0.672005 0.056481 0.049219
0 0.232870 0.619531 0.088889 0.024479
0 0.233796 0.479818 0.078704 0.036719
0 0.459954 0.339062 0.047685 0.053646
0 0.465972 0.294010 0.097685 0.028125
0 0.219444 0.248958 0.082407 0.036458
0 0.055093 0.205339 0.043519 0.056510
0 0.402315 0.129688 0.057407 0.050000
0 0.541204 0.199349 0.075000 0.041406
4 0.487269 0.841927 0.169907 0.118750
4 0.534259 0.726432 0.236111 0.066927
4 0.504861 0.545964 0.157870 0.123698
4 0.584259 0.186328 0.136111 0.129427
1 0.643750 0.174740 0.100463 0.065625
1 0.280324 0.451302 0.073611 0.064062
1 0.388426 0.470964 0.089815 0.061198
2 0.285185 0.183203 0.081481 0.075260
2 0.450926 0.145443 0.102778 0.069010
2 0.509722 0.155339 0.107407 0.059115
2 0.178704 0.331901 0.121296 0.035156
3 0.110185 0.285938 0.088889 0.054167
3 0.702546 0.211328 0.069907 0.071094
3 0.125231 0.731771 0.108796 0.053646
2 0.038657 0.962630 0.073611 0.074740
5 0.297917 0.800781 0.058796 0.036458
5 0.345370 0.595833 0.078704 0.042188
5 0.669444 0.580469 0.093519 0.052083
5 0.478472 0.432682 0.077315 0.043490
5 0.285880 0.279687 0.072685 0.040104
