0 0.087037 0.496354 0.060185 0.041667
0 0.553704 0.405859 0.077778 0.036719
0 0.615509 0.395703 0.076389 0.024740
0 0.633102 0.569922 0.066204 0.039323
0 0.756944 0.589974 0.081481 0.038802
0 0.895370 0.445703 0.075000 0.034635
0 0.957639 0.514714 0.084722 0.033073
4 0.263426 0.323568 0.057407 0.111198
4 0.317824 0.484635 0.183796 0.080208
4 0.317130 0.549479 0.102778 0.116667
4 0.538657 0.561068 0.055093 0.119010
4 0.698843 0.317188 0.102315 0.108333
4 0.803704 0.415104 0.210185 0.036458
4 0.890741 0.575911 0.131481 0.111719
1 0.347917 0.204297 0.091204 0.058594
1 0.337731 0.653776 0.076389 0.059115
1 0.037963 0.469661 0.075000 0.055469
2 0.188194 0.171224 0.090278 0.061198
2 0.531944 0.249740 0.113889 0.032292
2 0.529398 0.340104 0.108796 0.044271
2 0.926389 0.267969 0.117593 0.047917
2 0.314815 0.381250 0.110185 0.050521
2 0.400926 0.430859 0.110185 0.045573
2 0.050000 0.670573 0.099074 0.052083
2 0.812731 0.719010 0.122685 0.052083
3 0.044907 0.397135 0.081481 0.051562
3 0.215741 0.614583 0.100000 0.038542
3 0.415278 0.583594 0.071296 0.051562
1 0.581713 0.565365 0.061574 0.058333
5 0.455324 0.646615 0.066204 0.035417
5 0.843981 0.676823 0.060185 0.029687
