0 0.305787 0.388672 0.069907 0.031510
0 0.359722 0.377474 0.075000 0.019010
0 0.387269 0.539974 0.055093 0.033073
0 0.622917 0.423438 0.066204 0.032292
0 0.730787 0.285547 0.043981 0.037760
0 0.683102 0.480469 0.076389 0.028125
0 0.788426 0.448047 0.053704 0.035156
0 0.497454 0.552995 0.069907 0.032552
0 0.775694 0.643359 0.073611 0.037240
0 0.922685 0.655469 0.052778 0.048438
4 0.033796 0.321354 0.053704 0.104167
4 0.091204 0.470313 0.166667 0.079687
4 0.088657 0.527734 0.093981 0.107031
4 0.294676 0.533724 0.057870 0.109115
4 0.436806 0.304557 0.093981 0.099740
4 0.539815 0.395052 0.182407 0.031771
4 0.617361 0.539323 0.119907 0.100521
1 0.104398 0.206641 0.077315 0.049219
1 0.692593 0.261979 0.085185 0.042708
1 0.109954 0.621875 0.073611 0.052083
1 0.333333 0.536198 0.064815 0.052083
1 0.729398 0.322526 0.083796 0.041406
2 0.278935 0.245833 0.104167 0.026042
2 0.280093 0.329167 0.103704 0.040625
2 0.080556 0.371484 0.102778 0.040885
2 0.162037 0.417187 0.102778 0.043750
2 0.646296 0.253125 0.095370 0.038021
2 0.923380 0.407682 0.111574 0.038802
2 0.945833 0.523177 0.108333 0.045833
2 0.840046 0.535417 0.072685 0.063542
2 0.549306 0.670964 0.104167 0.047135
3 0.181250 0.553646 0.058796 0.046354
5 0.221528 0.613542 0.058796 0.033854
5 0.763889 0.390755 0.067593 0.033073
5 0.761343 0.359115 0.067130 0.031771
