0 0.165046 0.236589 0.051389 0.038802
0 0.054861 0.380990 0.076389 0.031771
0 0.118287 0.438932 0.087500 0.025260
0 0.237037 0.403516 0.060185 0.037240
0 0.737731 0.267578 0.072685 0.034635
0 0.771991 0.494922 0.076389 0.021615
0 0.374769 0.612370 0.034722 0.047135
0 0.217593 0.606901 0.078704 0.028906
0 0.684954 0.514583 0.034722 0.044271
4 0.061111 0.502734 0.121296 0.103385
4 0.628241 0.474479 0.106481 0.102083
4 0.858333 0.324609 0.159259 0.092448
1 0.112731 0.212760 0.091204 0.044271
1 0.156481 0.270443 0.099074 0.044531
1 0.930787 0.325000 0.093981 0.039583
1 0.630556 0.523047 0.096296 0.042969
2 0.367130 0.359505 0.114815 0.040885
2 0.465509 0.359115 0.051389 0.061458
2 0.569907 0.369271 0.060185 0.060417
2 0.702546 0.399219 0.112500 0.035937
2 0.399074 0.473438 0.116667 0.043750
2 0.286574 0.490755 0.078704 0.062760
3 0.458565 0.449479 0.087500 0.038021
5 0.023148 0.604427 0.045370 0.029687
5 0.208102 0.344010 0.062500 0.032292
5 0.203241 0.310937 0.067593 0.028125
2 0.066898 0.206771 0.084722 0.047917
