0 0.577315 0.440365 0.082407 0.029687
0 0.721991 0.506901 0.068981 0.047135
4 0.899074 0.328125 0.057407 0.114583
4 0.952083 0.567839 0.095833 0.119531
1 0.526852 0.219661 0.103704 0.047135
1 0.665509 0.473047 0.093981 0.051302
1 0.973380 0.681510 0.053241 0.062500
1 0.970139 0.206641 0.059722 0.059115
2 0.818981 0.164844 0.100000 0.064062
2 0.369676 0.334505 0.130093 0.038802
2 0.544213 0.455599 0.118981 0.047135
2 0.488657 0.485026 0.119907 0.037240
2 0.679398 0.690625 0.118981 0.054167
2 0.947685 0.392839 0.104630 0.048698
3 0.677546 0.402474 0.084722 0.054948
3 0.856481 0.635286 0.112963 0.040885
