0 0.961574 0.314063 0.062963 0.045833
0 0.482870 0.370703 0.086111 0.036719
0 0.835880 0.428776 0.093981 0.030469
0 0.700000 0.435807 0.050000 0.048698
0 0.608796 0.435547 0.057407 0.049219
0 0.494907 0.451693 0.095370 0.026823
0 0.381019 0.449609 0.045370 0.049219
0 0.489815 0.624089 0.095370 0.025260
0 0.229630 0.730078 0.102778 0.024740
4 0.880787 0.674089 0.236574 0.064844
4 0.673843 0.737370 0.232870 0.083073
1 0.369676 0.506510 0.107870 0.053646
1 0.296528 0.587500 0.104167 0.060417
1 0.206481 0.636068 0.121296 0.047656
2 0.135648 0.581250 0.117593 0.061979
2 0.062500 0.615365 0.124074 0.059896
2 0.101389 0.649870 0.141667 0.037240
2 0.111806 0.692969 0.137500 0.047917
2 0.353472 0.585286 0.122685 0.054948
2 0.328472 0.647005 0.069907 0.075260
2 0.479861 0.710286 0.130093 0.055469
2 0.511806 0.755339 0.129167 0.059635
3 0.636806 0.482292 0.081019 0.055729
3 0.326389 0.451693 0.088889 0.054948
5 0.556713 0.404557 0.073611 0.039323
5 0.952778 0.442448 0.075000 0.043750
5 0.741898 0.587500 0.068981 0.032292
