0 0.267824 0.411849 0.083796 0.037240
0 0.394213 0.485417 0.058796 0.050521
0 0.887037 0.432552 0.074074 0.038021
0 0.952315 0.431250 0.078704 0.028125
0 0.931019 0.612500 0.081481 0.040104
4 0.604861 0.324219 0.062500 0.114062
4 0.631713 0.494531 0.201389 0.067708
4 0.614352 0.562109 0.121296 0.111198
4 0.846296 0.597005 0.067593 0.123177
1 0.264120 0.191667 0.101389 0.044271
1 0.730093 0.207682 0.072222 0.057031
1 0.342130 0.448958 0.095370 0.052083
1 0.614815 0.674479 0.085185 0.068229
1 0.891435 0.604036 0.072685 0.062760
2 0.083333 0.292578 0.135185 0.046615
2 0.577315 0.155599 0.085185 0.066927
2 0.904398 0.270833 0.126389 0.038021
2 0.881019 0.364714 0.121296 0.037240
2 0.648843 0.388281 0.119907 0.039583
2 0.225926 0.421354 0.110185 0.052083
2 0.165046 0.451302 0.118981 0.044271
2 0.725000 0.445573 0.107407 0.054167
2 0.303935 0.663932 0.129167 0.051302
3 0.375463 0.377344 0.081481 0.054167
3 0.496065 0.619271 0.100463 0.042188
3 0.708796 0.605469 0.072222 0.055729
5 0.734259 0.676172 0.071296 0.040885
