0 0.205093 0.397135 0.095370 0.026562
0 0.350463 0.493229 0.062037 0.046875
0 0.887500 0.439323 0.078704 0.040104
0 0.954167 0.433333 0.086111 0.028125
4 0.606944 0.508854 0.223148 0.082292
4 0.843981 0.615365 0.071296 0.136979
1 0.207407 0.175521 0.125926 0.048958
1 0.235185 0.441406 0.092593 0.061979
2 0.458796 0.264323 0.141667 0.040104
2 0.697685 0.270573 0.130556 0.042188
2 0.618519 0.310677 0.131481 0.041146
2 0.882870 0.334635 0.115741 0.061979
2 0.410185 0.387760 0.053704 0.072396
2 0.652778 0.447135 0.133333 0.029687
2 0.708333 0.586979 0.135185 0.041667
2 0.557407 0.600260 0.081481 0.072396
2 0.968056 0.550260 0.063889 0.067187
2 0.947222 0.670833 0.105556 0.064583
3 0.329167 0.380469 0.087963 0.059896
3 0.462963 0.640365 0.112963 0.051562
