0 0.160880 0.848698 0.062500 0.042188
0 0.053704 0.638802 0.068519 0.043750
0 0.105093 0.576953 0.066667 0.035156
0 0.039352 0.451302 0.067593 0.030208
0 0.150694 0.277865 0.062500 0.047917
0 0.128935 0.235547 0.076389 0.040885
0 0.143287 0.132161 0.057870 0.040885
4 0.381019 0.867578 0.077778 0.135156
4 0.417824 0.740234 0.101389 0.129427
4 0.397222 0.620182 0.187963 0.090885
4 0.285185 0.465365 0.078704 0.131771
4 0.181481 0.117318 0.074074 0.139323
1 0.216435 0.095182 0.079167 0.068490
1 0.154398 0.410156 0.112500 0.057813
1 0.062037 0.413672 0.075000 0.060677
1 0.045602 0.952083 0.090278 0.054688
2 0.044444 0.103516 0.075000 0.071094
2 0.099537 0.102083 0.110185 0.040104
3 0.275231 0.107552 0.086574 0.066146
2 0.056944 0.868620 0.107407 0.033073
3 0.068750 0.693359 0.106019 0.041406
2 0.246528 0.916927 0.058796 0.074479
2 0.313426 0.937760 0.057407 0.078125
2 0.118056 0.921354 0.092593 0.068229
5 0.241435 0.729688 0.061574 0.033854
5 0.186343 0.537891 0.061574 0.042969
5 0.443519 0.461849 0.077778 0.045573
5 0.213426 0.362240 0.067593 0.043750
