0 0.304630 0.104688 0.066667 0.042708
0 0.603241 0.351562 0.047222 0.044792
0 0.635648 0.380990 0.045370 0.043229
0 0.356019 0.515885 0.050926 0.047396
0 0.628241 0.547396 0.067593 0.037500
0 0.565741 0.602604 0.048148 0.044792
0 0.633796 0.642448 0.073148 0.034896
0 0.885648 0.567187 0.063889 0.020833
0 0.269444 0.709896 0.061111 0.050000
0 0.324074 0.812500 0.085185 0.035417
0 0.865741 0.911719 0.070370 0.019271
4 0.389352 0.242708 0.197222 0.093750
4 0.344444 0.395052 0.200000 0.074479
4 0.788889 0.418490 0.181481 0.057813
4 0.658796 0.488281 0.091667 0.107813
4 0.422685 0.582552 0.167593 0.095312
4 0.587963 0.892708 0.188889 0.080208
1 0.331481 0.026042 0.107407 0.045833
1 0.830556 0.579167 0.068519 0.051042
1 0.912500 0.537760 0.087963 0.046354
2 0.673611 0.091667 0.110185 0.067708
2 0.487037 0.102083 0.107407 0.042708
2 0.669444 0.182292 0.070370 0.073958
2 0.765278 0.205208 0.063889 0.069792
2 0.231944 0.242969 0.099074 0.057813
2 0.507407 0.239844 0.088889 0.068229
2 0.743519 0.311198 0.055556 0.064062
2 0.326852 0.314844 0.070370 0.070312
2 0.494444 0.437500 0.112963 0.038542
2 0.302315 0.465885 0.069444 0.068229
2 0.243056 0.500260 0.067593 0.067187
2 0.781481 0.498177 0.111111 0.043229
2 0.421759 0.500260 0.052778 0.068229
2 0.519907 0.662240 0.112037 0.047396
2 0.565278 0.560677 0.058333 0.066146
2 0.797685 0.682292 0.093519 0.053125
2 0.773611 0.753906 0.075000 0.068229
2 0.389815 0.717969 0.074074 0.066146
2 0.457407 0.804688 0.098148 0.057292
2 0.521296 0.790365 0.081481 0.064062
2 0.872222 0.929427 0.105556 0.030729
2 0.720370 0.941406 0.101852 0.042188
4 0.865278 0.957031 0.163889 0.059896
3 0.463426 0.058333 0.091667 0.042708
3 0.143056 0.209635 0.071296 0.063021
3 0.599537 0.791667 0.058333 0.055208
5 0.229167 0.590885 0.058333 0.035937
5 0.715741 0.617448 0.064815 0.036979
5 0.768981 0.606250 0.062037 0.036458
