0 0.244907 0.352344 0.084259 0.035937
0 0.342593 0.466927 0.042593 0.050521
0 0.856481 0.496094 0.066667 0.048438
0 0.914815 0.502604 0.077778 0.036458
0 0.915278 0.731250 0.071296 0.051042
4 0.567593 0.520573 0.216667 0.055729
4 0.751389 0.654948 0.091667 0.130729
1 0.343981 0.146094 0.113889 0.046354
1 0.250000 0.397917 0.111111 0.061458
2 0.543056 0.275000 0.132407 0.038542
2 0.433333 0.377604 0.064815 0.072917
2 0.759722 0.313021 0.125000 0.051042
2 0.666667 0.340625 0.118519 0.051042
2 0.640741 0.470573 0.127778 0.038021
2 0.895833 0.398958 0.087963 0.061458
2 0.482870 0.600260 0.063889 0.076563
2 0.632407 0.609375 0.124074 0.051042
2 0.893981 0.614062 0.108333 0.056250
2 0.929167 0.686458 0.113889 0.057292
2 0.816204 0.720313 0.095370 0.071875
2 0.831019 0.775000 0.104630 0.076042
3 0.367130 0.353646 0.100926 0.064583
3 0.379630 0.625000 0.111111 0.057292
5 0.928704 0.839323 0.057407 0.035937
