0 0.618981 0.051302 0.041667 0.041146
0 0.645370 0.081250 0.042593 0.048958
0 0.352778 0.172135 0.057407 0.046354
0 0.611111 0.243750 0.057407 0.046875
0 0.541204 0.286979 0.049074 0.046875
0 0.597685 0.335417 0.065741 0.039583
0 0.851852 0.294531 0.061111 0.029687
0 0.232407 0.347656 0.053704 0.044271
0 0.268519 0.455729 0.068519 0.036458
0 0.773611 0.627604 0.063889 0.022917
0 0.568981 0.730469 0.071296 0.027604
0 0.519907 0.741146 0.065741 0.038542
4 0.364815 0.052865 0.201852 0.050521
4 0.786574 0.138542 0.176852 0.035417
4 0.650926 0.188281 0.072222 0.118229
4 0.403241 0.245833 0.182407 0.083333
4 0.505556 0.572396 0.183333 0.063542
4 0.768056 0.675521 0.152778 0.072917
1 0.796759 0.295833 0.058333 0.053125
1 0.887037 0.266146 0.077778 0.043750
1 0.780093 0.714583 0.071296 0.052083
1 0.519444 0.776823 0.079630 0.052604
2 0.760185 0.033854 0.068519 0.060417
2 0.500926 0.112500 0.111111 0.044792
2 0.309722 0.116406 0.078704 0.065104
2 0.243981 0.142969 0.080556 0.068229
2 0.420370 0.165885 0.055556 0.079687
2 0.766667 0.213281 0.101852 0.048438
2 0.547685 0.242708 0.069444 0.065625
2 0.486574 0.339062 0.106481 0.057292
2 0.348148 0.375781 0.100000 0.056771
2 0.747222 0.395052 0.094444 0.039062
2 0.708796 0.460417 0.078704 0.056250
2 0.400926 0.469792 0.088889 0.063542
2 0.461111 0.461719 0.066667 0.066146
2 0.621296 0.639062 0.103704 0.029167
2 0.775463 0.652083 0.099074 0.032292
3 0.532407 0.473698 0.061111 0.048438
5 0.215741 0.226823 0.053704 0.034896
5 0.680556 0.326823 0.062963 0.041146
5 0.733333 0.321615 0.055556 0.040104
