0 0.123148 0.881250 0.064815 0.035937
0 0.051389 0.660286 0.063889 0.042969
0 0.122685 0.599349 0.074074 0.030990
0 0.074537 0.465755 0.077778 0.035156
0 0.234491 0.300651 0.052315 0.055469
0 0.226389 0.254688 0.091667 0.042188
0 0.116435 0.106380 0.048611 0.052865
0 0.258796 0.150391 0.063889 0.049219
4 0.301620 0.135547 0.091204 0.139323
4 0.344676 0.498437 0.100463 0.132812
4 0.427315 0.668490 0.205556 0.084375
4 0.425231 0.790495 0.133796 0.131510
4 0.361574 0.919401 0.099074 0.127344
1 0.346991 0.118750 0.080093 0.067708
1 0.110185 0.428385 0.078704 0.061979
1 0.212269 0.435547 0.105093 0.059115
2 0.033796 0.171615 0.066667 0.076042
2 0.164352 0.110937 0.092593 0.076042
2 0.222685 0.113802 0.113889 0.047917
2 0.061343 0.953516 0.086574 0.077344
2 0.205324 0.957292 0.066204 0.073958
3 0.409954 0.139193 0.080093 0.069010
3 0.056944 0.718490 0.107407 0.047917
5 0.240278 0.768750 0.061111 0.038542
5 0.220139 0.565234 0.068981 0.042969
5 0.511111 0.511458 0.085185 0.049479
5 0.283333 0.391927 0.070370 0.047917
5 0.063194 0.266927 0.069907 0.050000
