0 0.081250 0.368359 0.079167 0.019010
0 0.031713 0.381641 0.062500 0.027344
0 0.108102 0.534635 0.065278 0.038021
0 0.224074 0.548047 0.071296 0.030990
0 0.352083 0.411198 0.069907 0.035937
0 0.464120 0.271745 0.051389 0.037240
0 0.416667 0.468229 0.078704 0.026042
0 0.523611 0.435026 0.052778 0.037240
0 0.511111 0.633333 0.077778 0.033854
0 0.658796 0.640365 0.039815 0.047917
0 0.963426 0.550260 0.033333 0.042188
4 0.162037 0.292187 0.100000 0.102083
4 0.265278 0.382292 0.196296 0.030208
4 0.023611 0.527995 0.046296 0.111719
4 0.347917 0.529427 0.118981 0.102083
4 0.907870 0.508594 0.110185 0.104167
1 0.412269 0.247135 0.080093 0.041667
1 0.458565 0.306380 0.084722 0.041406
1 0.048843 0.531510 0.068981 0.052604
1 0.914583 0.560026 0.093981 0.045052
2 0.372685 0.241536 0.096296 0.047135
2 0.653704 0.393620 0.107407 0.042969
2 0.746991 0.393620 0.058796 0.057031
2 0.854398 0.407682 0.051389 0.062760
2 0.684259 0.505859 0.106481 0.040885
2 0.572917 0.520964 0.073611 0.059635
2 0.280093 0.665885 0.106481 0.044271
2 0.963194 0.432943 0.073611 0.038802
3 0.741898 0.483333 0.091204 0.040625
5 0.315278 0.623698 0.050926 0.021875
5 0.499769 0.376042 0.062500 0.035937
5 0.494213 0.344661 0.058796 0.030990
