0 0.615278 0.232813 0.034259 0.041667
0 0.643519 0.263542 0.042593 0.043750
0 0.357870 0.374740 0.045370 0.045312
0 0.615741 0.426042 0.064815 0.039583
0 0.550463 0.475260 0.047222 0.046354
0 0.254630 0.555208 0.051852 0.044792
0 0.611574 0.515885 0.067593 0.032813
0 0.862500 0.461198 0.052778 0.025521
0 0.296759 0.659375 0.082407 0.030208
0 0.809259 0.797656 0.074074 0.026562
0 0.614352 0.909375 0.075000 0.023958
0 0.567593 0.922135 0.068519 0.030729
4 0.422685 0.111458 0.178704 0.098958
4 0.360648 0.254948 0.202778 0.058854
4 0.650463 0.369531 0.078704 0.108854
4 0.784259 0.310417 0.174074 0.047917
4 0.412500 0.444271 0.171296 0.087500
4 0.540741 0.759375 0.185185 0.075000
4 0.806481 0.841406 0.153704 0.063021
1 0.806019 0.467187 0.069444 0.050000
1 0.891204 0.433333 0.082407 0.046875
1 0.819444 0.879167 0.081481 0.052083
1 0.566667 0.956250 0.072222 0.047917
2 0.697685 0.073698 0.056481 0.071354
2 0.782870 0.102344 0.056481 0.065104
2 0.535185 0.118490 0.075926 0.070312
2 0.269907 0.104688 0.099074 0.051042
2 0.354630 0.177344 0.059259 0.072396
2 0.751852 0.204167 0.064815 0.062500
2 0.500463 0.307552 0.110185 0.036979
2 0.313889 0.321354 0.070370 0.062500
2 0.247685 0.353906 0.075000 0.067187
2 0.768056 0.386979 0.102778 0.044792
2 0.423611 0.363281 0.056481 0.066146
2 0.556944 0.431250 0.062037 0.061458
2 0.501852 0.528125 0.107407 0.052083
2 0.366667 0.571615 0.087037 0.054688
2 0.767593 0.563542 0.092593 0.042708
2 0.423611 0.661979 0.091667 0.060417
2 0.491204 0.652344 0.073148 0.065104
2 0.734259 0.633854 0.074074 0.060417
2 0.656944 0.817708 0.104630 0.037500
2 0.809722 0.816667 0.102778 0.028125
3 0.189352 0.063542 0.075000 0.059375
3 0.562037 0.657552 0.062963 0.049479
5 0.232407 0.437760 0.053704 0.032813
5 0.695833 0.499740 0.058333 0.035937
5 0.749074 0.491667 0.059259 0.036458
