0 0.168981 0.838411 0.053704 0.040365
0 0.108333 0.571615 0.060185 0.035937
0 0.058102 0.635807 0.072685 0.042969
0 0.038889 0.450651 0.071296 0.027344
0 0.136343 0.278906 0.071759 0.048438
0 0.112037 0.237370 0.077778 0.041406
0 0.122454 0.135677 0.051389 0.042188
4 0.386574 0.855339 0.066667 0.128906
4 0.415509 0.726042 0.093981 0.128125
4 0.392824 0.611068 0.176389 0.092448
4 0.278241 0.457552 0.077778 0.126042
4 0.158333 0.121224 0.064815 0.134635
1 0.191435 0.097656 0.068981 0.064583
1 0.149537 0.407943 0.102778 0.053385
1 0.058333 0.414714 0.067593 0.061198
1 0.047454 0.889844 0.091204 0.040104
1 0.068056 0.944010 0.077778 0.054167
2 0.034954 0.110286 0.066204 0.073177
2 0.082639 0.107813 0.111574 0.041667
2 0.071991 0.859766 0.097685 0.030990
2 0.126389 0.911198 0.078704 0.070312
2 0.257176 0.904297 0.062500 0.073177
2 0.322685 0.925391 0.063889 0.077344
3 0.245139 0.108203 0.081019 0.063281
3 0.076157 0.687760 0.101389 0.041667
5 0.244444 0.720833 0.060185 0.034375
5 0.184028 0.531120 0.068981 0.040885
5 0.429630 0.455469 0.075000 0.044271
5 0.201389 0.360156 0.063889 0.040625
