0 0.370370 0.097917 0.062963 0.050000
0 0.309722 0.217969 0.056481 0.047396
0 0.682407 0.433594 0.038889 0.046354
0 0.720370 0.462240 0.053704 0.047396
0 0.479630 0.628646 0.046296 0.050000
0 0.761111 0.630469 0.077778 0.036979
0 0.718519 0.694792 0.055556 0.047917
0 0.795370 0.726562 0.074074 0.035417
0 0.450000 0.839323 0.055556 0.057813
0 0.536111 0.933854 0.096296 0.031250
4 0.436111 0.349479 0.216667 0.073958
4 0.433796 0.510938 0.204630 0.093750
4 0.564815 0.693229 0.142593 0.114583
4 0.775463 0.567187 0.121296 0.109375
4 0.887037 0.478906 0.170370 0.073438
1 0.321759 0.127344 0.119444 0.051562
1 0.968519 0.639062 0.062963 0.057292
2 0.678704 0.152865 0.109259 0.061979
2 0.488426 0.190104 0.110185 0.054167
2 0.699537 0.251042 0.080556 0.069792
2 0.802315 0.263802 0.080556 0.068229
2 0.553704 0.333333 0.096296 0.067708
2 0.812963 0.375260 0.066667 0.068229
2 0.282407 0.370833 0.103704 0.069792
2 0.398611 0.432812 0.084259 0.073958
2 0.595370 0.538021 0.124074 0.035417
2 0.901389 0.561979 0.121296 0.036458
2 0.411574 0.587240 0.060185 0.074479
2 0.368056 0.629167 0.062037 0.073958
2 0.535648 0.607552 0.075000 0.073438
2 0.702778 0.652604 0.066667 0.071875
2 0.568056 0.832031 0.080556 0.073438
2 0.724074 0.887240 0.096296 0.057813
2 0.962963 0.742708 0.074074 0.060417
2 0.962500 0.820833 0.075000 0.071875
2 0.666667 0.907292 0.116667 0.050000
3 0.808333 0.879948 0.070370 0.058854
3 0.457407 0.147396 0.105556 0.040625
2 0.689815 0.759896 0.114815 0.041667
3 0.181481 0.346875 0.087037 0.065625
5 0.378704 0.723958 0.059259 0.036458
5 0.872685 0.690104 0.056481 0.040625
5 0.920833 0.673177 0.060185 0.038021
