0 0.653704 0.073307 0.060185 0.051302
0 0.787500 0.147917 0.077778 0.038542
0 0.965972 0.279948 0.054167 0.052083
0 0.658796 0.354167 0.075000 0.040104
0 0.567361 0.481250 0.080093 0.026562
0 0.211343 0.464974 0.091204 0.030990
0 0.442824 0.504036 0.051389 0.048698
0 0.355324 0.515365 0.048611 0.048438
0 0.249537 0.544141 0.089815 0.028906
0 0.135185 0.556510 0.043519 0.047917
0 0.294676 0.718099 0.084722 0.028906
0 0.077546 0.854948 0.104167 0.030729
4 0.880787 0.467839 0.211574 0.095573
4 0.801389 0.638151 0.250000 0.035156
4 0.690046 0.727604 0.219907 0.090104
4 0.512269 0.817318 0.205093 0.099219
1 0.726389 0.341146 0.085185 0.064583
1 0.819444 0.382422 0.078704 0.061198
1 0.138194 0.616667 0.107870 0.048438
1 0.086343 0.708854 0.106019 0.058333
2 0.890278 0.112109 0.100000 0.057031
2 0.692593 0.216536 0.120370 0.035156
2 0.146296 0.698698 0.131481 0.046354
2 0.148843 0.761328 0.061574 0.075781
2 0.309491 0.807422 0.122685 0.062760
2 0.359722 0.850000 0.122222 0.067708
3 0.084491 0.566016 0.090278 0.054427
3 0.394907 0.558984 0.092593 0.055469
3 0.664352 0.159635 0.096296 0.043750
5 0.821991 0.190885 0.073611 0.038542
5 0.916435 0.366146 0.077315 0.040104
5 0.691435 0.482552 0.080093 0.043750
5 0.293287 0.492057 0.069907 0.038802
5 0.531250 0.653906 0.062500 0.035937
