0 0.280787 0.327734 0.082870 0.050781
0 0.571296 0.382943 0.075000 0.047135
0 0.717593 0.241536 0.070370 0.031510
0 0.781250 0.286589 0.072685 0.044531
0 0.865741 0.324609 0.086111 0.027344
0 0.871296 0.240104 0.042593 0.048438
0 0.917593 0.370052 0.067593 0.038021
4 0.541204 0.527344 0.217593 0.068229
4 0.740741 0.575911 0.203704 0.083594
4 0.912731 0.586719 0.137500 0.118229
1 0.391667 0.266797 0.103704 0.061198
1 0.496759 0.276042 0.078704 0.065625
1 0.650694 0.265495 0.073611 0.065365
2 0.267130 0.254557 0.087963 0.074740
2 0.295833 0.229557 0.095370 0.076823
2 0.329630 0.187630 0.060185 0.073177
2 0.414815 0.204557 0.064815 0.074740
2 0.541898 0.301042 0.058796 0.074479
2 0.444907 0.333724 0.117593 0.048698
2 0.456019 0.429427 0.127778 0.050000
2 0.421528 0.468229 0.126389 0.041667
3 0.687037 0.216667 0.103704 0.038021
3 0.836574 0.367188 0.085185 0.056250
5 0.874537 0.290755 0.071296 0.038802
5 0.758796 0.470313 0.060185 0.034375
