0 0.807639 0.277734 0.062500 0.049219
0 0.646991 0.307031 0.068981 0.041667
0 0.743287 0.344271 0.086574 0.040104
0 0.854630 0.370052 0.086111 0.036458
0 0.925926 0.404818 0.063889 0.045573
0 0.580093 0.490365 0.092593 0.044792
0 0.241435 0.486849 0.098611 0.042448
4 0.860648 0.665234 0.238889 0.058594
4 0.623148 0.654036 0.259259 0.044531
1 0.597454 0.345833 0.097685 0.068229
1 0.443519 0.389323 0.085185 0.069792
1 0.322685 0.402995 0.121296 0.059115
2 0.314583 0.327474 0.082870 0.080990
2 0.212037 0.327734 0.089815 0.081510
2 0.202083 0.377734 0.127315 0.071615
2 0.182176 0.413672 0.122685 0.073177
2 0.505324 0.410156 0.091204 0.077604
2 0.414120 0.460026 0.118981 0.064844
2 0.480324 0.562109 0.143981 0.036719
2 0.465509 0.611849 0.143981 0.037240
3 0.606250 0.292969 0.112500 0.040104
3 0.847685 0.421745 0.077778 0.061198
5 0.840972 0.329818 0.076389 0.039323
5 0.823148 0.543229 0.063889 0.033854
