0 0.716435 0.314323 0.080093 0.047917
0 0.694444 0.392839 0.096296 0.028906
0 0.810648 0.394922 0.071296 0.042969
0 0.898843 0.410547 0.055093 0.051302
0 0.582870 0.377995 0.053704 0.047135
0 0.623843 0.562500 0.094907 0.034375
0 0.324074 0.623047 0.099074 0.030469
4 0.759028 0.697917 0.247685 0.057813
1 0.558565 0.429167 0.107870 0.060417
1 0.449769 0.495573 0.102315 0.064062
1 0.342130 0.536458 0.114815 0.050000
2 0.293981 0.465365 0.103704 0.069792
2 0.202778 0.487891 0.121296 0.071094
2 0.225926 0.528385 0.142593 0.050521
2 0.227546 0.570182 0.133796 0.061198
2 0.456019 0.561458 0.092593 0.076042
2 0.575000 0.641406 0.160185 0.045833
2 0.592361 0.691667 0.130093 0.046354
3 0.822222 0.447396 0.071296 0.057813
3 0.536111 0.375911 0.100000 0.051302
2 0.504167 0.504036 0.116667 0.066927
5 0.773380 0.357682 0.068981 0.034635
5 0.878472 0.563151 0.066204 0.033073
